simple_rnn/simple_rnn_cell/kernel:0
(1, 8)
[[ 0.5241272  -0.5886193   0.2189438  -0.16707186 -0.3574841  -0.5708859
  -0.13734758  0.7318764 ]]
simple_rnn/simple_rnn_cell/recurrent_kernel:0
(8, 8)
[[-0.16858096 -0.40164387  0.39152676  0.5206479   0.15386902  0.5617812
  -0.05315513 -0.13187444]
 [ 0.39584896 -0.21331218  0.47639212 -0.48849538  0.51426727 -0.0744528
   0.08051814  0.03030139]
 [-0.21713829  0.4970051   0.3101185  -0.05737172  0.05525926  0.13662547
  -0.6317267   0.3986651 ]
 [ 0.15969633 -0.3361102  -0.26162738 -0.14806579 -0.15321316  0.27351472
   0.08920401  0.81961507]
 [ 0.61789215  0.3495344   0.24917887  0.48717827 -0.23557034 -0.11818983
   0.25143954  0.19497442]
 [-0.10216822 -0.05201745  0.41382    -0.37570325 -0.7726199   0.20245942
   0.13739857 -0.08132173]
 [-0.31589442 -0.39841515  0.32453737  0.2577737  -0.11384003 -0.7134419
  -0.09035738  0.27772546]
 [ 0.5015196  -0.35885367 -0.09377038  0.02382411 -0.24961418 -0.10459164
  -0.69772166 -0.22397485]]
simple_rnn/simple_rnn_cell/bias:0
(8,)
[-0.02906031 -0.02073034 -0.02113925  0.01134312 -0.04010566 -0.03505241
  0.01432452 -0.01602159]
dense/kernel:0
(8, 33)
[[-0.35304835  0.05112328  0.2600432   0.12856273 -0.29384053 -0.16619498
  -0.09589705  0.24606703 -0.18652135 -0.33423325  0.0367927  -0.25304732
   0.21743585  0.01220268  0.19689181  0.07537264 -0.19995396  0.12413801
   0.0020036   0.21219045  0.31376103 -0.04157834  0.08898623  0.3500624
  -0.02896184  0.10462961 -0.25560784  0.3118301   0.3827643  -0.14539558
  -0.29825407  0.15446989  0.2860357 ]
 [-0.04249794 -0.21611813  0.0045848  -0.17483974  0.28809902 -0.3505464
   0.20610031 -0.01572214  0.01530754 -0.19992928 -0.2403213  -0.16647682
   0.13095674  0.01282571  0.13760729  0.00700207  0.224491   -0.04415819
  -0.27684656 -0.03971909 -0.20271723 -0.07215533 -0.1278675  -0.3799184
   0.21566832  0.13557716 -0.10154572 -0.17421083  0.04417076  0.17935605
   0.35796222  0.00499483  0.12409421]
 [-0.2785567   0.22137289 -0.10418262  0.10763604  0.10432646 -0.07119597
   0.05509787  0.11289753  0.2178224  -0.04640807  0.26817745 -0.04707165
  -0.03932168  0.26545665  0.09230274  0.3474637   0.2649448   0.00396795
   0.02844357 -0.2936247   0.12861608  0.26110068  0.12402471 -0.11930986
  -0.36647412 -0.27791557 -0.05355777  0.20666222 -0.1357584  -0.08119306
  -0.09727409  0.17284174  0.12363362]
 [-0.06756124 -0.29610178  0.12809916 -0.21040218  0.37614986  0.09281647
   0.24752173  0.02733018 -0.17873168  0.04523139  0.26763913 -0.02742237
   0.16338187  0.10203055  0.10488904 -0.3640276   0.10481389  0.17734094
  -0.0590481   0.14059077 -0.26978177  0.08621548 -0.28860083  0.30408493
  -0.0891899   0.27962834  0.05661334  0.01244029  0.28184503  0.16235526
   0.1217356  -0.11499877  0.07304641]
 [-0.2003719  -0.2847421   0.23091377  0.23895705  0.16876093 -0.03152004
  -0.14651854 -0.05281704 -0.22361366 -0.00620557  0.26355174 -0.07704061
  -0.32264677 -0.20977436  0.16252229  0.12682256 -0.24973804  0.10687788
   0.18187842 -0.31158537  0.02290957  0.04748343 -0.07046195  0.3133849
   0.31561708  0.36048365  0.22923611  0.35287035 -0.3268267  -0.09915303
  -0.00626389  0.25689808 -0.08370622]
 [ 0.28251764 -0.36912593  0.26597124  0.19777611  0.29024017  0.00529832
  -0.1790623   0.05899215 -0.12304459  0.14890034  0.07710837  0.10505506
  -0.23691075 -0.347013    0.3003755   0.14493503 -0.05395863  0.2716395
   0.16503021  0.04565595  0.22702272 -0.39895833  0.2977866  -0.09030119
   0.22366783  0.16708702  0.04115661 -0.39418793  0.3687958  -0.00176748
   0.25697148 -0.29054213 -0.3814406 ]
 [-0.10644183  0.31359762  0.26341885 -0.27901942 -0.07858689  0.20979656
  -0.19519049 -0.07653975 -0.18830799 -0.04475725 -0.06959264 -0.3529817
   0.25776604  0.16971736  0.2205895  -0.3385326  -0.08222809 -0.3165896
  -0.03247886  0.26039708  0.21058819 -0.32587758  0.03657099 -0.27716666
  -0.24344501 -0.2846417  -0.10697645 -0.3697422  -0.3844247   0.00293478
   0.31000245 -0.30465874  0.29137927]
 [ 0.00407995 -0.3434192  -0.0703242   0.1515796  -0.1817716  -0.13511372
  -0.2959348   0.06198931  0.05535166  0.16632809 -0.11122645  0.31321198
   0.16499662 -0.24922201 -0.14667784 -0.24482691  0.13889669 -0.12561595
  -0.3690914   0.01494494 -0.10751409  0.27044132  0.16326836  0.28891745
   0.14725742  0.3313082   0.35661808 -0.0455808  -0.31545553 -0.12387214
  -0.21798868  0.14943475  0.13661933]]
dense/bias:0
(33,)
[ 0.00362082 -0.0007626  -0.013171   -0.00933494  0.01066882  0.0215495
  0.01269993 -0.01278149  0.01092794  0.0103885  -0.01945977 -0.00719558
 -0.00460539 -0.00054092 -0.02290427  0.00812114 -0.00071469 -0.00781705
  0.0051941   0.00831135 -0.01676023 -0.00642977 -0.03637191 -0.00314537
 -0.00106775 -0.00875333 -0.00684374  0.004771   -0.0067884   0.01925573
 -0.00388517 -0.00896589 -0.00486033]
simple_rnn_1/simple_rnn_cell_1/kernel:0
(33, 100)
[[ 0.08405404  0.01748559 -0.08518361 ... -0.13591118  0.09922359
  -0.05581417]
 [ 0.16873968  0.19652137  0.13796027 ... -0.17313357  0.09914417
  -0.0315037 ]
 [ 0.1445942  -0.09534973  0.10600361 ... -0.01241056  0.15433393
   0.18465438]
 ...
 [ 0.13839358 -0.14909871  0.07630054 ... -0.17470597  0.10224892
  -0.12805276]
 [ 0.15706186 -0.05308747  0.03174357 ... -0.17543906  0.02965168
  -0.11828216]
 [-0.21192428 -0.00421533 -0.02175683 ... -0.06584333 -0.0894499
  -0.05874215]]
simple_rnn_1/simple_rnn_cell_1/recurrent_kernel:0
(100, 100)
[[-0.00927523  0.0181526  -0.14057471 ... -0.01870236  0.12406661
  -0.07100211]
 [ 0.029149   -0.1531819  -0.12414795 ... -0.05763367  0.17718296
  -0.03973298]
 [-0.04151488 -0.0394142   0.03420682 ... -0.01009845  0.09135097
   0.04797438]
 ...
 [-0.14633563  0.00661183 -0.03650602 ... -0.05263761  0.14926147
   0.0201776 ]
 [-0.11388536  0.18649898  0.04876567 ... -0.14477257  0.05137843
   0.01143514]
 [ 0.10937115 -0.08592506  0.08799917 ... -0.07295377  0.12605101
   0.02621847]]
simple_rnn_1/simple_rnn_cell_1/bias:0
(100,)
[-1.0563845e-02 -5.7067215e-03 -1.4057190e-02  6.3621011e-03
  1.4202161e-02  1.9604189e-02 -7.4851410e-03 -1.0419051e-02
 -1.2821587e-02  4.2815628e-03  1.6065297e-03  8.7902267e-03
 -1.1011473e-02  6.9341687e-03  1.3961672e-03  4.3004835e-03
  1.0303148e-02 -9.6709905e-03  1.3038954e-03 -1.1062635e-02
  4.0682112e-03 -2.9180953e-03  6.9084339e-04  1.0953043e-04
 -2.5564134e-03  6.0513895e-04  5.1980987e-03  1.6907229e-03
 -1.3835040e-02 -6.1703767e-03 -1.0518128e-02  2.0839458e-03
 -1.0508778e-02 -5.5993958e-03 -6.0510249e-03  8.2833953e-03
 -1.4817340e-02  9.0500154e-03  8.3514052e-03  4.6051294e-03
 -3.6268891e-03  1.4358675e-04  1.0217102e-02  3.5596665e-03
 -6.6741188e-03 -4.1984557e-03  5.3897465e-04  4.8723444e-04
  1.4289012e-02 -8.0783311e-03 -4.5919432e-03  4.3827491e-03
 -1.9813438e-03  3.7554442e-04 -1.0428594e-03 -3.8339854e-03
  5.3352695e-03 -9.2030171e-04 -1.1199596e-02 -6.5898290e-03
 -3.6303811e-03 -6.4871414e-03 -3.7110704e-03 -2.6663096e-05
 -7.5528529e-03  1.9280075e-03  8.2896726e-04 -8.3930157e-03
 -1.9326435e-03  5.6847365e-04  3.5244937e-04  1.2710983e-03
 -2.0515947e-03  7.6386891e-03 -4.7075064e-03  1.8907960e-03
 -3.1860385e-03  2.7801020e-03  1.0537489e-02  1.7509657e-03
 -2.8543870e-03 -6.5132268e-03 -2.0883805e-03 -9.5783211e-03
 -8.8405760e-04  5.4660421e-03 -6.4414907e-03 -1.2682560e-03
  4.1108984e-03 -4.6536555e-03 -1.3228936e-02 -1.2042464e-03
 -1.5570378e-03 -1.1156574e-02 -4.5354590e-03 -1.1105185e-02
 -8.9278249e-03 -4.1722702e-03 -8.3701722e-03 -1.4186913e-02]
dense_1/kernel:0
(100, 22)
[[-0.11052261  0.17270844  0.18099883 ...  0.14677465 -0.19091867
   0.01490754]
 [ 0.17469591  0.1747372   0.12249699 ...  0.21204811 -0.17396192
  -0.00546256]
 [ 0.13717437 -0.0226787   0.03078838 ... -0.06974689 -0.107216
   0.10374165]
 ...
 [-0.11458678 -0.06612281  0.05439869 ...  0.20362568  0.07076105
  -0.12052403]
 [-0.16915211 -0.09333236  0.16291651 ... -0.04896174 -0.00588098
  -0.06397893]
 [ 0.13890778 -0.13225238  0.11300752 ...  0.0245086  -0.19320093
  -0.10248084]]
dense_1/bias:0
(22,)
[-0.00856213  0.00717967 -0.00685592 -0.0048514  -0.00373745  0.0010517
  0.00539259  0.00039989  0.0095866  -0.00613503 -0.00500575  0.00032854
  0.00339525 -0.00437788 -0.00264976  0.00681744 -0.00587557  0.0035794
  0.00120588  0.00120815  0.00645469 -0.00370516]
dense_2/kernel:0
(22, 1)
[[-0.09739113]
 [ 0.12093937]
 [ 0.23971258]
 [ 0.17386252]
 [ 0.02500121]
 [-0.1740544 ]
 [-0.30087253]
 [-0.38505095]
 [-0.21572208]
 [ 0.12783486]
 [ 0.11047153]
 [ 0.10417952]
 [-0.2219721 ]
 [ 0.4501467 ]
 [-0.1621216 ]
 [-0.46346173]
 [ 0.15628186]
 [ 0.37293866]
 [-0.21044877]
 [-0.27861664]
 [-0.02294542]
 [-0.08833773]]
dense_2/bias:0
(1,)
[-0.00369676]
